32
0 0 1580032 1588736 1598208 1598208 1598208 1598208 1598208 1598208 1598208 1598208 1588736 1580032 0 0 
0 0 1580032 1588736 1598208 1598208 1598208 1598208 1598208 1598208 1598208 1598208 1588736 1580032 0 0 
0 0 258048 520192 792576 792576 792576 1046528 522240 6144 6144 6144 522240 520192 0 0 
0 0 258048 520192 792576 792576 792576 1046528 522240 6144 6144 6144 522240 520192 0 0 
0 0 520192 520192 792576 792576 792576 1046528 520192 792576 792576 792576 1046528 520192 0 0 
0 0 520192 520192 792576 792576 792576 1046528 520192 792576 792576 792576 1046528 520192 0 0 
0 0 522240 522240 6144 6144 6144 6144 6144 6144 6144 6144 6144 6144 0 0 
0 0 522240 522240 6144 6144 6144 6144 6144 6144 6144 6144 6144 6144 0 0 
0 0 520192 522240 786432 786432 786432 1044480 1046528 792576 792576 792576 1046528 522240 0 0 
0 0 520192 522240 786432 786432 786432 1044480 1046528 792576 792576 792576 1046528 522240 0 0 
0 0 520192 522240 786432 786432 786432 1044480 1046528 6144 6144 6144 1046528 1046528 0 0 
0 0 520192 522240 786432 786432 786432 1044480 1046528 6144 6144 6144 1046528 1046528 0 0 
0 0 792576 792576 792576 792576 792576 792576 1046528 1046528 6144 6144 6144 6144 0 0 
0 0 792576 792576 792576 792576 792576 792576 1046528 1046528 6144 6144 6144 6144 0 0 
0 0 1046528 1046528 6144 6144 6144 1046528 1046528 6144 6144 6144 1046528 1046528 0 0 
0 0 1046528 1046528 6144 6144 6144 1046528 1046528 6144 6144 6144 1046528 1046528 0 0 
0 0 1046528 1046528 6144 6144 6144 1046528 1046528 786432 786432 786432 1046528 1046528 0 0 
0 0 1046528 1046528 6144 6144 6144 1046528 1046528 786432 786432 786432 1046528 1046528 0 0 
0 0 114688 245760 49152 49152 49152 49152 49152 49152 49152 49152 258048 258048 0 0 
0 0 114688 245760 49152 49152 49152 49152 49152 49152 49152 49152 258048 258048 0 0 
0 0 522240 522240 399360 399360 399360 399360 399360 399360 399360 399360 522240 522240 0 0 
0 0 522240 522240 399360 399360 399360 399360 399360 399360 399360 399360 522240 522240 0 0 
0 0 0 0 572755490 575818004 579479688 1049241736 586927880 579471368 579471368 0 0 0 0 0 
0 0 0 0 572755490 575818004 579479688 1049241736 586927880 579471368 579471368 0 0 0 0 0 
572755490 575818004 579479688 1049241736 586927880 579471368 579471368 0 0 34334856 50989192 42600584 38528336 36308304 35259728 34333216 
572755490 575818004 579479688 1049241736 586927880 579471368 579471368 0 0 34334856 50989192 42600584 38528336 36308304 35259728 34333216 
34334856 50989192 42600584 38528336 36308304 35259728 34333216 0 0 274665968 143665416 84952328 35603960 34635024 34620680 35603716 
34334856 50989192 42600584 38528336 36308304 35259728 34333216 0 0 274665968 143665416 84952328 35603960 34635024 34620680 35603716 
274665968 143665416 84952328 35603960 34635024 34620680 35603716 0 0 16 16 8388624 8392720 8392720 8392720 8392720 
274665968 143665416 84952328 35603960 34635024 34620680 35603716 0 0 16 16 8388624 8392720 8392720 8392720 8392720 
0 68 40 16 545259560 285282372 167815172 67125264 167813136 285282304 75497472 67125248 67125248 0 0 0 
0 68 40 16 545259560 285282372 167815172 67125264 167813136 285282304 75497472 67125248 67125248 0 0 0 

