42
0 0 0 1639 1639 1638 1638 2023 2023 1638 1638 1639 1639 0 0 0 
0 0 0 1639 1639 1638 1638 2023 2023 1638 1638 1639 1639 0 0 0 
0 0 0 52476 52476 52416 52416 64764 64764 52416 52416 52476 52476 0 0 0 
0 0 0 52476 52476 52416 52416 64764 64764 52416 52416 52476 52476 0 0 0 
0 0 0 1679256 1679256 1677336 1677336 2072472 2072472 1677336 1677336 1679263 1679263 0 0 0 
0 0 0 1679256 1679256 1677336 1677336 2072472 2072472 1677336 1677336 1679263 1679263 0 0 0 
0 0 0 53736195 53736195 53674755 53674755 66319107 66319107 53674755 53674755 53736435 53736435 0 0 0 
0 0 0 53736195 53736195 53674755 53674755 66319107 66319107 53674755 53674755 53736435 53736435 0 0 0 
0 0 0 1719558240 1719558240 1717592160 1717592160 2122211424 2122211424 1717592160 1717592160 1719565950 1719565950 0 0 0 
0 0 0 1719558240 1719558240 1717592160 1717592160 2122211424 2122211424 1717592160 1717592160 1719565950 1719565950 0 0 0 
0 0 0 -808711165 -808711153 -871625716 -871625716 -808711156 -808711156 -871625716 -871625716 -808464433 -808464441 0 0 0 
0 0 0 -808711165 -808711153 -871625716 -871625716 -808711156 -808711156 -871625716 -871625716 -808464433 -808464441 0 0 0 
0 0 0 -108953360 -108953096 -2122219112 -2122219112 -108953192 -108953192 -2122219112 -2122219112 -101058064 -101058320 0 0 0 
0 0 0 -108953360 -108953096 -2122219112 -2122219112 -108953192 -108953192 -2122219112 -2122219112 -101058064 -101058320 0 0 0 
0 0 0 808459776 808468224 808465152 808465152 808465152 808465152 808465152 808465152 1061109248 1061101056 0 0 0 
0 0 0 808459776 808468224 808465152 808465152 808465152 808465152 808465152 808465152 1061109248 1061101056 0 0 0 
0 0 0 100909104 101179440 101081136 101081112 101081112 101081112 101081101 101081103 -404242426 -404504572 0 0 0 
0 0 0 100909104 101179440 101081136 101081112 101081112 101081112 101081101 101081103 -404242426 -404504572 0 0 0 
0 0 0 -2131751933 -2114450429 -2120741885 -2120743418 -2120743418 -2120743322 -2120744092 -2120743940 -101711460 -118488824 0 0 0 
0 0 0 -2131751933 -2114450429 -2120741885 -2120743418 -2120743418 -2120743322 -2120744092 -2120743940 -101711460 -118488824 0 0 0 
0 0 0 503414883 1057063011 855736422 855687366 855687366 855690438 855665798 855670662 1040200583 503324931 0 0 0 
0 0 0 503414883 1057063011 855736422 855687366 855687366 855690438 855665798 855670662 1040200583 503324931 0 0 0 
0 0 0 -1070592904 -533721992 1613761740 1612191948 1612191948 1612290252 1611501772 1611657420 -1073319688 -1073471368 0 0 0 
0 0 0 -1070592904 -533721992 1613761740 1612191948 1612191948 1612290252 1611501772 1611657420 -1073319688 -1073471368 0 0 0 
0 0 0 100765471 100765471 100768152 50534808 50534809 53680542 28449178 33429913 13508376 8654616 0 0 0 
0 0 0 100765471 100765471 100768152 50534808 50534809 53680542 28449178 33429913 13508376 8654616 0 0 0 
0 0 0 -1070472224 -1070472208 -1070386416 1617113904 1617113888 1717777344 910373696 1069757280 432268064 276947760 0 0 0 
0 0 0 -1070472224 -1070472208 -1070386416 1617113904 1617113888 1717777344 910373696 1069757280 432268064 276947760 0 0 0 
0 0 0 104627296 104627808 107373152 208037472 208036960 -865699744 -932812704 -127505312 947676286 272393854 0 0 0 
0 0 0 104627296 104627808 107373152 208037472 208036960 -865699744 -932812704 -127505312 947676286 272393854 0 0 0 
0 0 0 -1893787618 -1893754849 -1718052840 429496344 429463576 429791256 429529112 429594648 521740191 253337502 0 0 0 
0 0 0 -1893787618 -1893754849 -1718052840 429496344 429463576 429791256 429529112 429594648 521740191 253337502 0 0 0 
0 0 0 -471661632 -470613024 856884016 858981168 857932592 868418352 860029744 862126896 -484183072 -483134528 0 0 0 
0 0 0 -471661632 -470613024 856884016 858981168 857932592 868418352 860029744 862126896 -484183072 -483134528 0 0 0 
0 0 0 2086696967 2120252431 1650484748 1717593612 1684039180 2019583500 1751148044 1818256908 1686010895 1719564295 0 0 0 
0 0 0 2086696967 2120252431 1650484748 1717593612 1684039180 2019583500 1751148044 1818256908 1686010895 1719564295 0 0 0 
0 0 0 -1945173776 -871398920 1275904408 -871579264 -1945321088 202162560 202162560 -1945321064 -1882226184 -808517392 0 0 0 
0 0 0 -1945173776 -871398920 1275904408 -871579264 -1945321088 202162560 202162560 -1945321064 -1882226184 -808517392 0 0 0 
0 0 0 62929929 65043977 53503551 53502015 53501970 53501970 53502078 53503614 -203391452 -205505500 0 0 0 
0 0 0 62929929 65043977 53503551 53502015 53501970 53501970 53502078 53503614 -203391452 -205505500 0 0 0 
0 0 0 2013757728 2081407264 1712113648 1712064496 1712063040 1712063040 1712066528 1712115680 2081408128 2013758592 0 0 0 
0 0 0 2013757728 2081407264 1712113648 1712064496 1712063040 1712063040 1712066528 1712115680 2081408128 2013758592 0 0 0 
